Date;Open;High;Low;Close;Volume;diff
2023-01-03;98.49353217711604;99.09099753314604;97.42593480255948;98.75798797607422;6607700;0.2644557989581813
2023-01-04;100.57976863859317;102.5778484441062;100.44264617403368;102.31339263916016;8166600;1.7336240005669907
2023-01-05;102.3427612096306;102.94022649893353;101.36331089570618;102.28399658203124;5575100;-0.05876462759935919
2023-01-06;103.21448864542984;104.80120110937644;102.85209675116953;104.49757385253906;9644100;1.2830852071092238
2023-01-09;104.33105171514912;104.48776736359292;102.2840039974929;102.58763122558594;10124800;-1.743420489563178
2023-01-10;102.21544869950058;104.24291081503164;102.02935072433046;103.82174682617188;4183600;1.606298126671291
2023-01-11;103.63564922865694;104.2527077916849;102.70517429464324;104.11558532714844;5634400;0.47993609849149266
2023-01-12;104.10578049939548;104.25269954910117;103.00879339722157;103.67481994628906;4882000;-0.43096055310641646
2023-01-13;102.91086493687772;105.09504286531336;102.91086493687772;105.02648162841795;5529700;2.1156166915402395
2023-01-17;104.7522225500078;105.38886683649304;104.12537486034618;104.55633544921876;7477200;-0.1958871007890366
2023-01-18;104.93831605984764;105.26153648774408;102.75414583582564;102.84229278564452;5725800;-2.0960232742031195
2023-01-19;102.84229150535796;103.52790379301494;102.09790711260644;102.11750030517578;5115800;-0.7247912001821817
2023-01-20;102.254629658508;103.0381855440123;101.75510783089224;102.88147735595705;6543500;0.6268476974490511
2023-01-23;102.88147248129528;104.69345425439896;102.25462481354714;104.02742767333984;6320500;1.1459551920445676
2023-01-24;104.21352712904527;104.67387002624454;103.2438732967702;104.44859313964844;5517200;0.23506601060316257
2023-01-25;103.88050852144328;104.93831676202969;103.7238003409566;104.78160858154295;5416900;0.9011000600996795
2023-01-26;105.09503529647225;106.56421095780628;104.85996181037684;106.52503204345705;6324100;1.4299967469847985
2023-01-27;106.50544104064944;107.5044846955693;106.11365936171252;106.7796859741211;6851100;0.2742449334716497
2023-01-30;106.03530947845142;106.63277486016534;105.21256720174128;106.17243194580078;6880700;0.13712246734935718
2023-01-31;106.03530312905984;106.90701339327448;105.29091872758418;106.897216796875;5816300;0.8619136678151591
2023-02-01;106.73071542807052;108.50351832967377;105.76106158674976;107.72975158691406;5841200;0.9990361588435377
2023-02-02;107.77872319996736;108.55248991474322;105.7806434819284;106.90701293945312;9852900;-0.8717102605142344
2023-02-03;102.43092980573972;104.25270823968287;100.92257521674298;102.15668487548828;15200500;-0.2742449302514416
2023-02-06;101.86284887935729;103.98825460581648;101.17723653940722;102.86188507080078;6392200;0.9990361914434942
2023-02-07;102.67578102004951;105.17337490553524;102.41132524336876;104.63468170166016;6207500;1.9589006816106433
2023-02-08;104.13517104810484;104.35065134169469;103.47894104316408;104.11558532714844;5557500;-0.019585720956399655
2023-02-09;104.07621046597004;104.94244310049494;103.94823907548856;104.39120483398438;5608400;0.31499436801433944
2023-02-10;103.8694824220734;105.58227123685954;103.82026901409807;105.41492462158205;6298600;1.545442199508642
2023-02-13;105.76930005371754;107.22615369341958;105.60196093924162;106.82256317138672;5192400;1.0532631176691751
2023-02-14;106.24179470454754;106.77334910319024;105.03103065596284;106.291015625;5109400;0.04922092045245563
2023-02-15;105.81852169211852;107.29505920410156;105.58227779301752;107.29505920410156;4059100;1.4765375119830395
2023-02-16;106.07445493000918;107.3934914772641;105.72993101916336;105.85789489746094;4596800;-0.2165600325482444
2023-02-17;105.070404575262;105.77914376458176;104.5683872412088;105.42477416992188;6876400;0.3543695946598717
2023-02-21;103.84979904212432;104.29275726624302;103.07215509595744;103.14105987548828;5438000;-0.7087391666360361
2023-02-22;103.76121419105183;104.28292289941976;102.7571644982934;103.13121795654295;7523700;-0.6299962345088801
2023-02-23;103.85964678428216;103.85964678428216;101.0246900616038;101.89093017578124;6857900;-1.9687166085009267
2023-02-24;101.04438245660955;101.11328723820256;99.24300493917455;100.01080322265624;6019700;-1.0335792339533185
2023-02-27;100.72938935583606;101.68421813417574;100.55220455665904;100.8376693725586;5235100;0.10828001672253151
2023-02-28;100.39470684051736;101.3396899630931;100.30611819311572;100.4931411743164;5186500;0.09843433379904809
2023-03-01;100.59157447444449;100.72938403206996;99.33159708469282;99.8434600830078;5382200;-0.7481143914366868
2023-03-02;99.69580714646357;101.55624372750982;99.3611289302176;101.39875030517578;4777600;1.7029431587122161
2023-03-03;101.78265919914745;103.05248242558952;101.39876002720663;102.9146728515625;4882100;1.1320136524150541
2023-03-06;102.81622392421563;104.28292323402395;102.80638574821872;103.3477783203125;5237100;0.5315543960968654
2023-03-07;103.34777204450636;104.02698164995026;101.50702689708577;101.72357940673828;3976300;-1.6241926377680755
2023-03-08;101.29047334842927;101.40859154122997;100.13877590827462;100.896728515625;4225500;-0.3937448328042734
2023-03-09;101.13297708818185;101.14282277472324;98.39646201423176;98.73114776611328;5732300;-2.401829322068565
2023-03-10;99.04614077816228;99.65643815425544;97.481007082249;97.82553100585938;6641900;-1.2206097723029075
2023-03-13;97.36288854311904;98.6327042128078;96.83133412996506;97.5302276611328;6408200;0.16733911801375712
2023-03-14;98.54411605243054;98.80988950529128;96.92976894231056;97.90428161621094;6248800;-0.6398344362196013
2023-03-15;96.86086395079704;97.81569275987913;95.75837988597036;97.7861557006836;6603300;0.9252917498865543
2023-03-16;97.5892848167203;99.13472710362394;97.48100479897064;98.8591079711914;8188600;1.269823154471112
2023-03-17;97.52038136954;97.73694140800596;96.3096172954159;97.15616607666016;10189700;-0.3642152928798481
2023-03-20;97.54990117258608;98.6523851173324;97.382562072329;98.28816986083984;4864000;0.7382686882537683
2023-03-21;98.93786241811964;99.60722641382002;98.57364711558644;98.96739196777344;4743700;0.029529549653801723
2023-03-22;99.11504528507918;99.89268928765344;97.5105363580993;97.5696029663086;5917700;-1.5454423187705828
2023-03-23;97.78615444534624;98.56379843956348;95.99462255678826;96.88054656982422;6879200;-0.9056078755220227
2023-03-24;96.68367776461116;96.89039211567696;95.6697898717398;96.80179595947266;4685400;0.11811819486149489
2023-03-27;97.3727261645976;98.16021584849966;97.03804793047703;97.1167984008789;6022200;-0.2559277637186881
2023-03-28;96.60492789835313;97.36288803372231;96.54586880055332;97.17585754394533;4709800;0.5709296455922015
2023-03-29;97.7763193708346;99.11504736409928;97.19554402328704;99.046142578125;4946600;1.2698232072904005
2023-03-30;99.85330941669685;100.10923717017582;99.07566545022328;99.73518371582033;4082600;-0.11812570087651864
2023-03-31;100.24704689666588;102.64888358134203;100.24704689666588;102.50122833251952;6900100;2.2541814358536385
2023-04-03;102.43232459125328;103.29856472111088;102.0484254464511;103.20996856689452;3855400;0.7776439756412401
2023-04-04;103.20997122070212;103.36747216111074;101.73343369963328;102.3732681274414;3854400;-0.8367030932607094
2023-04-05;102.35358553202408;104.0466756020274;102.3043646100225;103.25919342041016;5170900;0.9056078883860721
2023-04-06;103.25918545124648;103.51512070779762;102.39294535524492;103.0426254272461;3155700;-0.21656002400038687
2023-04-10;101.93030331911255;103.18043503545168;101.45780803833524;103.1016845703125;3761600;1.1713812511999464
2023-04-11;103.41668036858518;104.7357243929302;103.27887080769122;104.08604431152344;4010600;0.6693639429382614
2023-04-12;104.5782232667561;104.91290899263426;103.7021449840995;103.94823455810548;4606000;-0.6299887086506146
2023-04-13;104.71603860820709;105.55274921406388;104.58807472628058;105.31649780273438;4367600;0.6004591945272892
2023-04-14;105.23775555871111;106.47804168137183;105.17868895044757;105.78899383544922;3963300;0.5512382767381041
2023-04-17;106.27132082468316;106.95053045271514;105.87757600393914;106.6158447265625;4780700;0.34452390187934157
2023-04-18;107.16709769032204;107.5214673018295;106.04492975723456;106.22211456298828;5300500;-0.9449831273337566
2023-04-19;106.00554964921795;106.1728887608334;105.40509047454331;105.4838409423828;4617800;-0.521708706835156
2023-04-20;104.52901579175445;105.89727330009435;104.52901579175445;105.37556457519533;4297200;0.8465487834408805
2023-04-21;105.62164815785214;107.07849423020362;104.99165944925834;106.49772644042967;4522800;0.876078282577538
2023-04-24;106.49772043799972;107.58051300048828;106.35006519992004;107.58051300048828;5940700;1.0827925624885637
2023-04-25;107.20646337585372;109.37204857765434;107.12771291140992;107.62973022460938;8747100;0.42326684875565945
2023-04-26;107.30490455990974;110.57297394263328;107.30490455990974;109.72642517089844;8081600;2.4215206109886935
2023-04-27;109.64767645663495;111.11436830135062;109.4409621034918;110.98640441894533;7618500;1.3387279623103723
2023-04-28;110.66155897049605;112.5219955682397;110.53359509432254;112.50231170654295;5973400;1.840752736046909
2023-05-01;112.46294061152902;113.67370467702402;112.46294061152902;112.7680892944336;6495900;0.30514868290457287
2023-05-02;112.69917676342756;112.76808154225172;111.08482979378375;112.66964721679688;9626400;-0.029529546630683967
2023-05-03;107.3738102610172;108.00379900210388;102.17639939202306;102.33389282226562;24388600;-5.039917438751573
2023-05-04;102.63904259506629;104.0171457970807;102.17640047565716;103.0820083618164;8858100;0.44296576675012034
2023-05-05;103.89902720509488;105.79883912755376;103.73168057737313;105.5330581665039;7812000;1.6340309614090245
2023-05-08;105.78899337117508;106.42882780247136;105.2574389594855;105.49368286132812;6090700;-0.2953105098469564
2023-05-09;105.31649743141958;105.50352792054814;104.7357296115798;105.04087829589844;3682400;-0.2756191355211399
2023-05-10;105.4838444546756;106.41898188371832;104.02699079136816;105.29681396484376;4565000;-0.1870304898318409
2023-05-11;105.29681182874432;105.61337465172724;103.99098924050811;104.4955062866211;4791700;-0.8013055421232309
2023-05-12;104.62411338338758;105.0791719631721;103.70410151302129;104.9802474975586;5167600;0.35613411417101304
2023-05-15;104.97034537101452;105.6133656732549;104.47571553043768;105.4946517944336;4217000;0.5243064234190769
2023-05-16;105.26713749299957;105.41552042299617;104.07012650970358;104.1492691040039;3676600;-1.1178683889956602
2023-05-17;104.82195978152144;105.39573223464836;103.8228053438284;104.55486297607422;4757300;-0.26709680544722403
2023-05-18;104.2877574220385;105.98928534070562;104.07011907698303;105.9398193359375;5377500;1.6520619138990043
2023-05-19;105.85079548240932;105.99918595752948;104.18883876546028;104.37680053710938;4984700;-1.4739949452999497
2023-05-22;104.38667822693748;104.5647452714304;101.66621410396084;101.7948226928711;7504300;-2.591855534066383
2023-05-23;101.02320243386612;101.04298430682113;99.00511175709626;99.26231384277344;6766300;-1.7608885910926801
2023-05-24;99.71738261264476;99.72726977566076;98.04553127371696;98.5401611328125;6134800;-1.1772214798322551
2023-05-25;97.63993066791058;97.83778713901012;96.68035508602526;97.38272857666016;8177000;-0.25720209125042004
2023-05-26;97.5706880780248;98.54016597032468;97.27391467646994;97.47176361083984;7276500;-0.09892446718495762
2023-05-30;97.82788971524752;97.89713759134854;96.2648576004502;96.70013427734376;6505400;-1.1277554379037582
2023-05-31;96.9771269012257;97.02659290506278;95.93840874771966;96.59131622314452;10377100;-0.3858106780811852
2023-06-01;96.5418507214989;97.1749838746064;95.48334314197088;96.47260284423828;6752200;-0.0692478772606222
2023-06-02;97.25412158540276;98.58962825809994;97.13541524824056;98.43134307861328;6220300;1.1772214932105243
2023-06-05;98.96554677692303;99.78663418480434;98.43134560363109;98.85672760009766;6536500;-0.1088191768253779
2023-06-06;98.66876394595933;99.25243111481922;96.4825008353018;97.16509246826172;8657100;-1.5036714776976083
2023-06-07;97.49155514733464;97.79822326649553;96.54185910889169;96.86831665039062;6285600;-0.6232384969440119
2023-06-08;96.60121626836364;98.11478248095626;95.8790533287032;98.0851058959961;6877800;1.4838896276324505
2023-06-09;97.73886479212376;97.89714242497566;96.59131987727308;96.90788269042967;5550800;-0.8309821016940901
2023-06-12;96.90788173428696;97.45197760190004;96.4726050401965;97.40251159667967;6705800;0.49462986239271345
2023-06-13;97.451979144859;98.40166758999514;97.451979144859;98.19392395019533;5137900;0.7419448053363311
2023-06-14;98.4906961996397;100.27136673074098;98.12467493029588;99.57888793945312;9279500;1.0881917398134249
2023-06-15;100.25157403114854;100.89459434343212;99.57888468301172;100.29114532470705;6448200;0.039571293558509524
2023-06-16;100.91438992722608;101.40901980573769;100.39008346359624;100.77589416503906;11708300;-0.13849576218701998
2023-06-20;100.7659944226831;101.38922532140518;99.81630600905548;100.1823272705078;5506400;-0.5836671521752947
2023-06-21;99.51953004704588;101.35955379890534;99.28210981864716;100.77589416503906;5508800;1.2563641179931864
2023-06-22;100.33072346678158;100.54836182248287;98.5698422942208;99.766845703125;6125500;-0.5638777636565777
2023-06-23;98.57973359623942;98.65887618602189;96.47260554113532;97.28379821777344;18770100;-1.295935378465984
2023-06-26;97.2837994209494;97.70918141197504;96.43304298635094;97.17498779296876;6069000;-0.10881162798064281
2023-06-27;97.33327145737984;97.99607371430072;96.6803639117804;97.65972900390624;5034100;0.3264575465263988
2023-06-28;97.58057990484556;97.58057990484556;96.2549754793506;97.5509033203125;6581900;-0.029676584533063988
2023-06-29;97.55089982782928;97.76853816988356;96.9276689325895;97.62014770507812;5113500;0.0692478772488414
2023-06-30;98.33241545429269;98.39176862096592;97.4816515105314;97.99606323242188;6228900;-0.33635222187081126
2023-07-03;97.6696186116477;98.50059318034448;97.19477060992602;98.0851058959961;3287000;0.4154872843483872
2023-07-05;98.08510322196652;98.263170274326;97.23433925485482;97.40251159667967;6365400;-0.6825916252868467
2023-07-06;96.80896102341612;97.01670466797846;94.87990750429944;95.16678619384766;7153300;-1.6421748295684608
2023-07-07;94.9590413822832;95.62185115149704;94.52377222412458;95.01840209960938;7887400;0.05936071732617165
2023-07-10;95.26571592023146;98.46102065182026;95.19646804037372;98.06531524658205;9294600;2.799599326350588
2023-07-11;98.37198662495209;99.1535026908004;98.0752056970518;99.01499938964844;5271700;0.6430127646963513
2023-07-12;100.33071770675107;100.73631780953656;99.67781022458388;100.05372619628906;6971900;-0.2769915104620111
2023-07-13;100.4197593078022;101.102343402844;100.21201566605446;100.5087890625;4511700;0.08902975469780472
2023-07-14;100.67695438204623;100.98363001532503;99.9053330387073;100.5186767578125;3934400;-0.15827762423373315
2023-07-17;99.7470609485316;100.71653126281292;98.96554485173992;99.84598541259766;5244500;0.0989244640660587
2023-07-18;99.65802124813688;100.33071815402316;98.7874754188822;99.67781066894533;5991000;0.019789420808450586
2023-07-19;99.53931712350445;100.8847109651533;99.53931712350445;100.73632049560548;5556200;1.1970033721010367
2023-07-20;100.68685166329634;101.37933798592806;99.61844936948916;99.79651641845705;5466100;-0.8903352448392923
2023-07-21;100.7066489547482;102.43785357545144;100.51868718074395;101.71569061279295;20369100;1.009041658044751
2023-07-24;101.77503377306898;102.29934774648056;101.22105076412385;101.67610931396484;4746600;-0.09892445910413983
2023-07-25;101.32987817005608;102.65548263419974;101.23095370291078;101.81461334228516;5627500;0.4847351722290796
2023-07-26;101.11223821990642;101.56729679956356;100.2120157713866;100.63739776611328;6568300;-0.474840453793135
2023-07-27;100.93416834287136;101.32987374161196;99.46017346870156;99.69759368896484;5373400;-1.2365746539065157
2023-07-28;100.40985917456356;100.73631668573154;99.72726756893098;100.16254425048828;5320700;-0.24731492407528322
2023-07-31;100.22190107406315;100.73632036148372;99.77673721346514;100.47911071777344;6377400;0.2572096437102829
2023-08-01;100.38018320699854;100.61760342228044;99.32167562736156;100.17243957519533;7784300;-0.20774363180321131
2023-08-02;99.42060562588117;103.33807335977376;98.22360222503508;101.03309631347656;14463100;1.6124906875953968
2023-08-03;100.87481529730124;101.79482714282422;100.36039601407724;101.23094940185548;5547500;0.35613410455424344
2023-08-04;101.85418195985864;102.04214372570844;99.44038577824064;99.59867095947266;5196700;-2.2555110003859795
2023-08-07;100.33071503600816;100.76599171083456;99.85587461569972;100.64727783203124;5222700;0.3165627960230779
2023-08-08;100.13287327696162;100.330722208325;98.81715599578176;99.6184539794922;4058400;-0.5144192974694164
2023-08-09;99.9152346153394;100.4890070809548;98.40166840747176;98.84683227539062;4494300;-1.0684023399487756
2023-08-10;99.99054922726918;101.8105500877009;99.85131493509734;101.10443115234376;6844200;1.1138819250745797
2023-08-11;100.84585045522287;100.84585045522287;99.59273423144128;100.4380874633789;3179700;-0.4077629918439669
2023-08-14;99.93087498613136;100.66682872362946;99.65239882682174;100.45797729492188;3239300;0.5271023087905178
2023-08-15;99.58278300789712;100.09994543721989;99.2346972887566;99.49327850341795;3203700;-0.0895045044791658
2023-08-16;99.06562593561831;99.54299845749075;98.3495595651102;98.43907165527344;3679500;-0.6265542803448767
2023-08-17;98.45896429369084;98.55841627543744;95.90300966553434;96.04224395751952;5291100;-2.4167203361713234
2023-08-18;95.48530503300844;96.95721254626;95.26650612457112;96.69863891601562;4125500;1.2133338830071807
2023-08-21;96.78813908678111;97.03677281928805;95.63448251355274;95.9328384399414;3753200;-0.8553006468397086
2023-08-22;95.96267815155716;96.21131189670204;95.07754262585742;95.54497528076172;3640500;-0.4177028707954378
2023-08-23;95.89305701546706;96.03229129993744;93.49623175762748;94.65983581542967;9704500;-1.2332212000373914
2023-08-24;94.23218770128432;95.1073757367534;93.19787042971195;94.31175231933594;7824500;0.07956461805162007
2023-08-25;95.01786821515752;95.43557106511604;93.99349845029292;94.95819854736328;5360400;-0.05966966779423899
2023-08-28;95.41568712651294;96.66879572132255;95.3062876731677;96.50967407226562;5098900;1.0939869457526896
2023-08-29;96.8279281087629;98.68771128844772;96.80803315967115;98.60814666748048;5512300;1.7802185587175785
2023-08-30;98.47884818996263;99.17502721309324;98.458960829393;98.69764709472656;4212200;0.21879890476392916
2023-08-31;98.45896577546404;98.78716414909692;96.74836434795934;96.9074935913086;5624500;-1.5514721841554433
2023-09-01;97.86223962689496;98.21032533840258;96.50967150129442;97.46442413330078;4747100;-0.3978154935941802
2023-09-05;96.9870445646207;97.27546060939332;96.0621267616256;96.31076049804688;5414300;-0.6762840665738281
2023-09-06;95.89306131853508;96.02235572255908;94.84880413814766;95.42562866210938;5428400;-0.4674326564257001
2023-09-07;94.96814453021922;95.29634289955575;94.50071186862472;94.5802764892578;6404100;-0.3878680409614219
2023-09-08;94.72945776688069;95.32617724314784;94.2321902720414;94.75929260253906;4754700;0.0298348356583773
2023-09-11;95.12726840153306;95.70410048701078;94.69961807439604;95.14715576171876;5577500;0.019887360185705916
2023-09-12;94.97808891590218;95.98257135255294;94.67972539208128;95.71404266357422;5007600;0.7359537476720419
2023-09-13;95.67426230806691;96.76825685928144;95.5151406564265;96.40027618408205;5830200;0.7260138760151307
2023-09-14;96.24114507448874;97.24562751212936;95.72399023208249;96.62902069091795;6039700;0.38787561642921276
2023-09-15;96.7185238727576;96.93732277575616;95.5250849680193;95.7041015625;8766700;-1.0144223102576007
2023-09-18;95.77372361142882;96.44006024091205;95.56486458408642;96.23120880126952;4477500;0.4574851898406962
2023-09-19;94.68967671173108;94.94825793703052;93.75481138097916;94.7692413330078;6803000;0.07956462127671671
2023-09-20;94.92836208418908;96.09197379310964;94.53055415699214;94.63995361328124;4572100;-0.2884084709078394
2023-09-21;94.63994892679796;94.7990705722572;92.52158463964447;92.59120178222656;6108800;-2.0487471445713936
2023-09-22;92.91940366905804;93.82442655704776;92.8597339982037;93.16803741455078;5118900;0.24863374549273942
2023-09-25;92.3823513163788;92.959183411036;91.74584955251552;92.23316955566406;4818800;-0.14918176071473965
2023-09-26;91.4972152709961;91.98453527125314;90.68169691665388;91.4972152709961;6086600;0.0
2023-09-27;91.95470397324262;92.22323266880288;89.88606937955531;90.6717529296875;4731500;-1.2829510435551157
2023-09-28;90.67174937625944;90.89054827882272;89.71699673682816;90.58224487304688;4736300;-0.08950450321256653
2023-09-29;92.10388287392676;92.55142056900684;90.34355175285266;90.77120208740234;7698600;-1.3326807865244206
2023-10-02;90.55240860928484;91.23863255284752;90.29382740236446;90.63196563720705;6430500;0.0795570279222062
2023-10-03;90.005411984305;90.57229659605729;88.72246100240258;88.9909896850586;6666600;-1.0144222992464051
2023-10-04;89.39874692431205;90.93033167284074;89.31918230648469;90.65186309814452;6166100;1.253116173832467
2023-10-05;90.641914898743;92.54148029874968;90.641914898743;91.86519622802734;7548600;1.2232813292843474
2023-10-06;91.49721426437968;92.8298874387434;91.17896338783764;92.34256744384766;6978900;0.8453531794679776
2023-10-09;91.9447536824794;92.2828995132532;90.93033136555708;92.17350006103516;4120700;0.22874637855575486
2023-10-10;92.45196983052703;93.45645227402078;92.3624653253908;92.67076873779295;4974800;0.21879890726592066
2023-10-11;92.78016767440766;93.11830591997098;91.348034898611;91.4474868774414;4499200;-1.3326807969662582
2023-10-12;91.33809014421192;91.74585313356816;90.27393800486986;90.9203872680664;5485200;-0.41770287614551194
2023-10-13;90.781152841102;91.55688892070503;90.55241404209076;90.98006439208984;4780100;0.19891155098784452
2023-10-16;91.6662837995274;93.34705027987258;91.34803292153832;93.13819885253906;4595900;1.4719150530116565
2023-10-17;92.24312074557768;93.67525356581017;92.12377381465836;93.6653060913086;6086700;1.4221853457309095
2023-10-18;93.4266197164754;94.01339172053834;92.98902189127604;93.23765563964844;4110700;-0.18896407682696292
2023-10-19;93.85426950246335;95.1372205468694;93.65535795234236;93.90399169921876;5610800;0.04972219675541112
2023-10-20;94.10290517868056;94.57033025872369;93.62552503630256;93.67525482177734;4698000;-0.4276503569032144
2023-10-23;93.41666719830056;94.5106541145334;92.78016544384876;93.68518829345705;4481000;0.2685210951564869
2023-10-24;93.76475942480845;94.46093848365652;93.54596050881902;94.1029052734375;3600200;0.33814584862905406
2023-10-25;93.80454087444456;94.83885818472544;93.45645514206636;93.48628997802734;5497300;-0.3182508964172115
2023-10-26;93.2973205583712;93.9636647367157;92.09393418807662;92.1635513305664;6201700;-1.133769227804791
2023-10-27;92.13371951889144;93.21776658773835;91.26847135867598;91.51710510253906;8293600;-0.6166144163523768
2023-10-30;92.61109534193608;93.19786730808906;92.2132798527022;92.64093017578124;7852700;0.029834833845157505
2023-10-31;92.6608186780042;92.81000043676828;91.4972146175034;91.73590087890624;9308300;-0.9249177990979689
2023-11-01;91.3281491726792;91.3579840080924;90.05514561038437;90.85076904296876;14292500;-0.47738012971043986
2023-11-02;100.43808762263194;101.36300547703492;99.194918871429;99.46344757080078;23396300;-0.9746400518311589
2023-11-03;100.0701149293794;103.20289412480376;99.95076799721372;102.08901977539062;15994400;2.0189048460112247
2023-11-06;102.30781493977668;103.52114122766248;101.41273195059892;103.4614715576172;7532000;1.1536566178405252
2023-11-07;103.66038534107588;103.81950699386395;102.7653023325809;103.11338806152344;6239500;-0.5469972795524427
2023-11-08;103.17305859825416;104.24715821745748;103.08355409050382;103.7300033569336;7453000;0.5569447586794354
2023-11-09;104.3000030517578;104.45999908447266;102.02999877929688;102.2300033569336;7607000;-2.0699996948242045
2023-11-10;102.5999984741211;104.3499984741211;101.9800033569336;104.33000183105467;7338500;1.7300033569335795
2023-11-13;103.91999816894533;104.2300033569336;102.95999908447266;103.51000213623048;7120800;-0.40999603271484375
2023-11-14;104.4800033569336;105.81999969482422;104.23999786376952;105.5999984741211;8323000;1.1199951171875
2023-11-15;105.66000366210938;106.54000091552734;105.66000366210938;106.02999877929688;7980200;0.3699951171875
2023-11-16;106.27999877929688;107.66000366210938;106.1999969482422;107.20999908447266;8036300;0.9300003051757812
2023-11-17;107.18000030517578;107.5;106.2689971923828;106.4000015258789;1595892;-0.779998779296875
