Date;Open;High;Low;Close;Volume;diff
2023-01-03;259.23992141477027;260.0465796141202;255.2853749084148;260.0268859863281;2743800;0.7869645715578599
2023-01-04;261.9156129105312;262.2107170857841;258.61032606461606;260.0859069824219;2584100;-1.8297059281093198
2023-01-05;260.44989163506955;260.44989163506955;257.1249109998376;257.8922119140625;1945600;-2.557679721007048
2023-01-06;259.46618457643524;265.4963973436838;259.1022127163573;265.0832214355469;2855400;5.617036859111636
2023-01-09;265.5357172577681;265.5554108847598;262.4271562911354;262.8993530273437;2654600;-2.6363642304244195
2023-01-10;262.63377480359173;264.7192579756658;262.61408117543374;264.5323486328125;1718400;1.8985738292207657
2023-01-11;265.1323932547506;265.3488130103963;262.6140706549309;264.4339599609375;2391400;-0.698433293813082
2023-01-12;265.112702196547;265.52587805845974;261.85658940611;262.34844970703125;1933000;-2.7642524895157408
2023-01-13;262.05336312523394;264.5716856333326;261.5516559779705;264.5126647949219;2168900;2.4593016696879317
2023-01-17;265.62426038226045;270.90686591335015;265.62426038226045;269.6476745605469;3640200;4.02341417828643
2023-01-18;269.05747110837564;269.9034565407915;261.3942780837204;261.7090759277344;3276500;-7.348395180641262
2023-01-19;262.3779904746392;264.7586078156131;259.23991899010593;259.2890930175781;2845400;-3.08889745706108
2023-01-20;260.1252375316187;264.2765397678407;258.5512785282641;264.2076721191406;2588600;4.082434587521902
2023-01-23;264.46347211938007;266.7555581857074;263.40106696153777;264.9061584472656;2434000;0.4426863278855535
2023-01-24;256.96752578776926;265.76199136149773;256.96752578776926;265.1717529296875;2517100;8.204227141918238
2023-01-25;265.9292080929339;268.6246232703778;264.4438102250857;268.5557556152344;3097400;2.626547522300484
2023-01-26;268.5557409582844;270.2772521182734;267.2769161048872;270.24774169921875;2222500;1.6920007409343611
2023-01-27;270.5231643389443;270.8281153225375;267.5424921290587;268.0245056152344;2203200;-2.498658723709923
2023-01-30;267.2474340542828;268.1327767406737;265.66362800816955;266.4801330566406;2862400;-0.7673009976421667
2023-01-31;260.7745131338428;263.15513040387515;258.96447067350834;263.0469055175781;5477900;2.272392383735337
2023-02-01;262.67309326712893;264.0896534916784;259.2104071742157;261.935302734375;3557700;-0.7377905327539338
2023-02-02;260.5777834092537;261.650035340036;257.7544798610715;258.92510986328125;3735600;-1.6526735459724478
2023-02-03;258.35456872929103;260.9024017051338;257.09540745125344;259.92852783203125;3008500;1.5739591027402184
2023-02-06;260.6761471196519;263.8339122837675;260.0563982552783;263.5584716796875;2863900;2.882324560035613
2023-02-07;260.7056453255973;263.41087721136427;259.33828918322973;262.9878845214844;2514000;2.2822391958870867
2023-02-08;260.77450849945336;261.5615030469862;258.17750154452585;258.5414733886719;2801800;-2.2330351107814863
2023-02-09;259.3972983190196;259.6530752924172;255.95427607429752;256.4166259765625;3534600;-2.980672342457126
2023-02-10;256.6231947544381;258.4135734977186;256.05265000082386;258.1479797363281;3049900;1.5247849818900363
2023-02-13;259.40715339640246;262.4468466725188;258.7185369172112;261.866455078125;2418300;2.459301681722536
2023-02-14;262.3091021043808;263.1649342560711;260.28263999187186;262.2697448730469;2202100;-0.03935723133395186
2023-02-15;261.935293652764;263.3223434087435;260.83353129870795;262.2205810546875;1862000;0.28528740192348323
2023-02-16;260.7548341428824;263.3518409907378;258.9939658124472;261.50244140625;2785400;0.7476072633676267
2023-02-17;261.9647949913722;265.60457337556824;261.01058476767355;265.5947265625;3055600;3.629931571127827
2023-02-21;264.9061658988002;265.8406825872837;263.2534922434401;264.1781921386719;2824300;-0.72797376012835
2023-02-22;263.83388415529447;266.07676598390105;263.3026666109276;264.2667236328125;2192000;0.43283947751803
2023-02-23;263.3420479876626;263.5092636979437;259.66291209141923;262.43701171875;4217000;-0.9050362689126246
2023-02-24;261.581159006736;261.9451308402429;257.9807378615427;259.387451171875;2645300;-2.1937078348610157
2023-02-27;260.7154736109872;261.96478798560616;259.2497395000562;260.46954345703125;2024800;-0.2459301539559533
2023-02-28;260.3508434378168;261.7755522773154;260.0243243874758;261.1126708984375;2853400;0.7618274606206796
2023-03-01;259.75721788947635;260.7367147305264;258.9063177514482;259.935302734375;2058900;0.17808484489864895
2023-03-02;259.66816122541525;265.61443742185975;259.52963066868693;264.73388671875;2385900;5.065725493334753
2023-03-03;265.5749132489552;266.5247293381;263.378442784358;266.218017578125;2725800;0.6431043291697733
2023-03-06;266.29713504701084;267.9098626719372;266.04978492525174;267.7713623046875;2217600;1.4742272576766595
2023-03-07;268.64200584698654;270.2547334507619;263.9918417353667;264.2985534667969;2766600;-4.34345238018966
2023-03-08;263.0420202529088;263.33885853947817;260.3508796969781;262.51763916015625;2314000;-0.5243810927525487
2023-03-09;264.25899114545547;264.7734685652156;258.10491847316;258.8568725585937;2339300;-5.402118586861775
2023-03-10;260.9346175217864;263.7543849296813;258.4907969592645;259.25262451171875;3093100;-1.6819930100676288
2023-03-13;257.6102064557377;264.565690846722;257.6102064557377;260.2914733886719;3552400;2.681266932934193
2023-03-14;260.33104144445;264.11055840816977;259.8165640805819;263.0815734863281;3194400;2.7505320418781025
2023-03-15;261.7755826363695;263.58620254052283;259.7869080749972;263.5169372558594;3419400;1.7413546194898686
2023-03-16;262.962850785426;267.8109069588354;262.6957235334056;267.7020874023437;3097900;4.739236616917708
2023-03-17;266.7127027469564;267.1084569121641;262.8936010771389;264.3678283691406;5075300;-2.3448743778157564
2023-03-20;265.0010446827186;268.50353115007425;265.0010446827186;267.87030029296875;2108900;2.86925561025015
2023-03-21;267.13812059102526;267.9988941485395;264.7833426969808;267.34588623046875;3120100;0.2077656394434939
2023-03-22;267.1777130019896;269.0971523410199;264.8723929841359;265.0307006835937;2240800;-2.147012318395923
2023-03-23;265.1494184224797;268.60244654436383;265.1494184224797;266.7621459960937;2263800;1.612727573613995
2023-03-24;267.50422444456143;268.9487408071004;265.99044279627043;268.4540405273437;2229200;0.949816082782263
2023-03-27;269.1169152906508;272.03565861868765;267.70207993111234;270.9374084472656;2799100;1.8204931566148161
2023-03-28;271.0858467389928;273.2922208329839;270.61095379973625;272.9261474609375;2036000;1.8403007219446863
2023-03-29;274.0639289577539;275.20173345431687;273.519770779343;274.499267578125;2053400;0.4353386203711125
2023-03-30;274.32119998275067;275.4491008834359;273.56924591955527;274.8455810546875;1788800;0.5243810719368298
2023-03-31;275.9636121573017;277.6653822954391;275.5480506447099;276.6462707519531;2902500;0.6826585946514001
2023-04-03;278.0116403529637;279.8717181475725;276.71552809708146;279.14947509765625;2352700;1.1378347446925545
2023-04-04;278.4271902881013;280.4158948977874;277.4180126771221;279.2879638671875;2282300;0.8607735790861852
2023-04-05;280.4851205353676;281.95934772013084;278.793254240563;279.0307006835937;2600800;-1.4544198517739346
2023-04-06;279.4363945273579;280.4851567114835;278.5855245340182;279.8915405273437;1731000;0.4551459999858025
2023-04-10;280.178448341132;281.1579754450306;279.0010592381628;280.7720947265625;1941800;0.5936463854304748
2023-04-11;280.16854842562225;282.5134227423644;279.7529869368079;281.46466064453125;2732900;1.296112218909002
2023-04-12;280.8413577493787;283.750197839838;280.4950615111604;282.2759704589844;2557400;1.4346127096056875
2023-04-13;283.5325106940258;286.4710314092015;283.0773647207974;286.0060119628906;3229300;2.4735012688648226
2023-04-14;286.2236734032895;286.86677767666987;284.57136131576465;285.9169616699219;2054700;-0.30671173336764923
2023-04-17;286.76785031933;287.4307619698411;285.1254417914526;286.24346923828125;2371000;-0.524381081048773
2023-04-18;286.3325031279388;288.10353850491674;285.9367489605865;287.8265075683594;2086700;1.4940044404205537
2023-04-19;287.82650852908256;288.50919730253975;287.1141389478276;288.18267822265625;2254000;0.35616969357369044
2023-04-20;287.87594287189626;288.5784389223532;286.80740368468656;287.91552734375;2274200;0.03958447185374325
2023-04-21;289.2215482139736;289.4293138551465;287.43073580618864;288.9642944335937;2171200;-0.2572537803799264
2023-04-24;289.72615107047875;290.31979744196286;288.6180272805663;290.0922546386719;2995200;0.3661035681931253
2023-04-25;291.873133414292;291.873133414292;286.3621656486639;288.4201354980469;5845200;-3.452997916245124
2023-04-26;286.9063594969664;288.410237343252;286.6886901855469;286.6886901855469;3290000;-0.21766931141951318
2023-04-27;287.63852818375216;291.92261926614174;286.92615858226634;291.5961303710937;3142300;3.9576021873415357
2023-04-28;291.7049116707601;293.0406082725862;290.79468019578104;292.6151733398437;2837200;0.9102616690835816
2023-05-01;292.5855108522649;295.63285104212207;292.51624557215064;294.42578125;2124400;1.8402703977350825
2023-05-02;294.2180215866582;295.2964645073857;292.4469862389172;294.9106140136719;2083800;0.6925924270136647
2023-05-03;293.6145055550802;294.1092058109991;291.52685477416674;292.0908203125;2425500;-1.5236852425801999
2023-05-04;292.9219180598988;293.16926819203024;290.3593743143092;292.0314636230469;2005300;-0.8904544368519396
2023-05-05;292.63495748331195;293.871708034218;291.3388453214908;293.4561767578125;1815400;0.8212192745005495
2023-05-08;293.95088486565595;294.2180121219415;292.4371033584924;293.54522705078125;2969600;-0.40565781487470076
2023-05-09;295.46468421080954;295.6922270077918;293.15936407418553;293.5155639648437;1637500;-1.9491202459658439
2023-05-10;293.2385251612566;294.84134914096575;290.725439435705;293.426513671875;1849300;0.1879885106184247
2023-05-11;293.3572718099639;293.79261048045515;290.2505394972861;291.6654052734375;1955100;-1.6918665365263905
2023-05-12;292.06112559610835;293.2879725102468;291.19044835609816;293.0010681152344;1801700;0.9399425191260207
2023-05-15;292.6349839398638;293.4957877641664;291.5367638445418;292.7636108398437;1700500;0.12862689997990628
2023-05-16;292.8031702615891;293.0505203729681;290.8639538427269;291.0321350097656;2859500;-1.7710352518234913
2023-05-17;292.387619363053;292.387619363053;289.5480448127872;290.3494567871094;2802100;-2.038162575943602
2023-05-18;290.1417191552427;291.3092045893152;288.0441947634217;290.9332275390625;2410700;0.7915083838198029
2023-05-19;290.72543101085046;292.8625396532344;289.3699571955394;292.41729736328125;2371200;1.691866352430793
2023-05-22;292.41731573113145;293.4957888839515;286.07528487933024;286.2830505371094;2514700;-6.134265194022078
2023-05-23;285.09572627436825;285.4420224617563;282.4144595783836;283.3345947265625;2943900;-1.7611315478057463
2023-05-24;283.41378535420614;284.0766667806268;281.56358105581955;282.889404296875;2262100;-0.5243810573311407
2023-05-25;283.75014914068896;283.8688723576199;281.6921794002058;282.4935913085937;2748100;-1.2565578320952682
2023-05-26;282.6519178071783;285.689384483598;282.6519178071783;283.00811767578125;2148200;0.35619986860297104
2023-05-30;280.920466903714;283.31482931546765;280.6731167873557;281.8999938964844;3385200;0.9795269927703885
2023-05-31;281.8604088777752;282.6717245044445;280.3466273763584;282.08795166015625;3104900;0.22754278238102188
2023-06-01;281.90001214048146;284.986936961354;280.5939961950022;284.8187255859375;2605300;2.918713445456035
2023-06-02;285.1668544793208;288.6481378702573;284.6098515651216;288.35968017578125;2869000;3.1928256964604316
2023-06-05;288.44918473424855;288.94651091482484;286.4897183686027;286.8875732421875;1974500;-1.561611492061047
2023-06-06;288.30992979275175;288.6779766780484;280.47209438661963;283.0184020996094;2771500;-5.2915276931423705
2023-06-07;282.9288990274112;283.2173263801891;279.80567579209014;280.3925170898437;3614800;-2.536381937567512
2023-06-08;279.46749426314494;284.5302714855485;278.5026801925881;284.25177001953125;3043700;4.784275756386307
2023-06-09;283.99315016413385;285.74374814988664;283.21732248488127;285.2563781738281;1975900;1.2632280096942736
2023-06-12;286.6190443349557;287.2058856188891;284.96791767900163;287.02685546875;1885000;0.40781113379432554
2023-06-13;286.9572070137869;288.14084575529654;286.0122751262351;287.0069274902344;2027800;0.0497204764474759
2023-06-14;286.55937430284416;288.01155836737473;285.773590375282;286.8975524902344;1964500;0.33817818739021277
2023-06-15;288.10106441710855;291.91060014495685;286.7185133518163;291.04522705078125;2619200;2.944162633672704
2023-06-16;292.9350910728259;294.9840726097071;291.572422127407;292.1294250488281;4890400;-0.8056660239977873
2023-06-20;292.07965426694795;295.5907758213494;291.114840280671;291.4729309082031;2729800;-0.60672335874483
2023-06-21;291.7514426837235;293.5815994159882;291.24416025774354;292.94500732421875;2837100;1.1935646404952536
2023-06-22;293.04448531867763;293.502016923587;289.96105680688174;291.7315368652344;1799400;-1.312948453443255
2023-06-23;289.79198205640284;290.88610576443074;288.09113495605806;288.35968017578125;3720600;-1.4323018806215941
2023-06-26;288.09114443201213;288.20054162922213;285.53488040153445;287.5440673828125;1851800;-0.5470770491996291
2023-06-27;288.75752190242616;290.9258567448974;288.1010477075312;289.7422180175781;1815000;0.9846961151519622
2023-06-28;289.8914432754156;290.259459792945;287.5042533212268;290.17987060546875;1666500;0.28842733005313903
2023-06-29;289.9908958181148;293.0842805742859;288.65806524124014;292.8952941894531;1744000;2.9043983713383454
2023-06-30;293.56170675398863;297.500521528626;293.3130436685174;296.814208984375;2644700;3.2525022303863693
2023-07-03;296.1975423426978;296.8042657276786;293.2235110694202;293.2633056640625;1601300;-2.9342366786352727
2023-07-05;293.5318501125473;295.7200974964193;293.0146418010784;295.3122863769531;2356000;1.7804362644058074
2023-07-06;293.7407503919773;294.9939917593774;291.87079904658253;293.3428955078125;2569600;-0.39785488416481485
2023-07-07;292.14929585276656;292.78585758642606;289.9908868500808;290.5379638671875;2586500;-1.6113319855790564
2023-07-10;290.83634136174663;294.0391231461443;290.7667084121252;292.9151611328125;1703700;2.0788197710658665
2023-07-11;293.71092592864363;293.919794440694;290.20972993185103;293.1638488769531;1529600;-0.5470770516905077
2023-07-12;295.2426519196688;295.5112274884546;293.6213940416823;294.0291748046875;2156000;-1.2134771149812877
2023-07-13;293.8103701233519;295.07356767118915;293.4323973763696;293.6412658691406;1656900;-0.16910425421127684
2023-07-14;293.6711327966803;294.4668426066199;292.437773484959;293.36279296875;1550000;-0.3083398279302969
2023-07-17;293.5020113758626;295.2724914007499;292.97484682784506;293.1041564941406;1669900;-0.3978548817219689
2023-07-18;292.8952972945019;294.1684511690719;290.89603623080416;292.248779296875;1991600;-0.6465179976269155
2023-07-19;293.42244107004194;293.82029593621;291.6519611143708;292.5570983886719;1969200;-0.8653426813700662
2023-07-20;292.73614956732416;295.9687699131701;292.5372069427497;295.54107666015625;2104300;2.804927092832088
2023-07-21;296.0682303916216;297.7491953383016;293.7407474703064;294.0291748046875;2834100;-2.0390555869341256
2023-07-24;294.41711704319584;295.3620489862701;293.2831987115067;293.7308044433594;2034400;-0.6863125998364694
2023-07-25;292.62675700702124;293.3528338540149;290.09037509824435;290.79656982421875;2780600;-1.83018718280249
2023-07-26;290.6871760743443;291.01539802416244;287.95188185978674;290.1898498535156;2896900;-0.4973262208286542
2023-07-27;290.43850654816515;297.30160217311845;289.9511365759218;293.6114501953125;4698300;3.172943647147349
2023-07-28;294.2181654078007;296.1080292360804;291.3834303741454;292.4576416015625;2843000;-1.7605238062382114
2023-07-31;292.0398608282547;292.6664966631272;288.49890090376243;291.632080078125;3296000;-0.40778075012968884
2023-08-01;291.4331606656558;292.33829801536865;288.6978664955857;289.51348876953125;1916200;-1.9196718961245551
2023-08-02;288.70782014404574;291.8807637812221;287.8325211607719;288.0712280273437;2388300;-0.6365921167020474
2023-08-03;287.2555851788836;289.71237768593267;287.10639339796575;289.4637145996094;1910700;2.2081294207257542
2023-08-04;290.8462981744861;291.2541092817296;285.2265184510818;285.485107421875;2517300;-5.361190752611094
2023-08-07;286.34053977728377;289.8417053222656;286.3206273023394;289.8417053222656;2176800;3.501165544981859
2023-08-08;289.4935733703322;290.04065041145054;286.99701644857294;288.03143310546875;1948400;-1.4621402648634216
2023-08-09;287.4545310549671;288.17068196588826;286.3405252722855;286.68865966796875;1895800;-0.7658713869983558
2023-08-10;287.26556316603063;288.8172185138208;285.24641996638167;286.0620422363281;2436300;-1.2035209297025062
2023-08-11;285.7138996827914;287.41474677436537;285.2265297239759;287.0765686035156;1760900;1.362668920724218
2023-08-14;287.2456818439543;288.30001098437475;286.08192515268405;287.2655639648437;1712400;0.019882120889405996
2023-08-15;286.4101662126581;287.5340979092824;285.58458773520147;286.7582702636719;1883800;0.3481040510137632
2023-08-16;286.0321882878694;287.33518045949006;283.5057627780117;283.873779296875;1829400;-2.158408990994417
2023-08-17;284.6197896347912;285.00771865649483;280.2731633286976;280.35272216796875;2148400;-4.267067466822425
2023-08-18;280.2134857987576;282.2226727941557;278.8010659821228;280.2333679199219;2624500;0.01988212116430077
2023-08-21;280.1935764790361;280.7804177174441;277.189706983725;278.5424499511719;2682600;-1.6511265278642213
2023-08-22;279.25861034890283;279.31828706301604;277.5975275277331;278.8110046386719;2052300;-0.44760571023095963
2023-08-23;280.5118626895657;281.6358247733692;279.1491937399571;280.3626708984375;2308800;-0.14919179112820302
2023-08-24;280.23336464437455;283.2272781585044;280.23336464437455;280.8401184082031;2006400;0.6067537638285785
2023-08-25;283.2372270051532;284.6098521732135;281.9939115057337;283.05816650390625;3725200;-0.1790605012469655
2023-08-28;283.05817550192774;284.6695379380795;281.9939204699241;282.1629943847656;2317600;-0.8951811171621102
2023-08-29;282.4315464402112;283.04822603945337;278.93035074740794;282.0734558105469;2348500;-0.358090629664332
2023-08-30;282.282321246266;284.45068641138755;281.7750691951098;282.719970703125;2410700;0.4376494568589919
2023-08-31;283.2099914550781;283.79998779296875;280.8800048828125;281.1499938964844;2979800;-2.05999755859375
2023-09-01;282.5400085449219;283.1400146484375;279.1300048828125;280.94000244140625;2136400;-1.600006103515625
2023-09-05;281.0;281.6400146484375;279.0599975585937;279.1600036621094;2410300;-1.839996337890625
2023-09-06;278.0;278.6499938964844;275.0;275.44000244140625;2705800;-2.55999755859375
2023-09-07;277.25;278.989990234375;276.1000061035156;278.3299865722656;3732800;1.079986572265625
2023-09-08;278.0799865722656;280.3500061035156;277.8500061035156;279.2200012207031;2351300;1.1400146484375
2023-09-11;279.69000244140625;280.1300048828125;278.5599975585937;279.760009765625;2433200;0.07000732421875
2023-09-12;279.489990234375;281.5;277.69000244140625;280.7099914550781;1450200;1.220001220703125
2023-09-13;281.6700134277344;282.8900146484375;280.6099853515625;281.7699890136719;1724300;0.0999755859375
2023-09-14;283.3299865722656;285.6000061035156;282.57000732421875;284.760009765625;2219700;1.430023193359375
2023-09-15;283.8599853515625;283.8599853515625;277.7300109863281;278.2300109863281;5720400;-5.629974365234375
2023-09-18;278.7200012207031;280.2699890136719;276.92999267578125;277.7200012207031;2884800;-1.0
2023-09-19;276.44000244140625;278.260009765625;276.44000244140625;278.1300048828125;2128100;1.69000244140625
2023-09-20;278.739990234375;280.2699890136719;277.1400146484375;277.20001220703125;1979300;-1.53997802734375
2023-09-21;276.94000244140625;277.19000244140625;271.0199890136719;271.2200012207031;2370100;-5.720001220703125
2023-09-22;271.3999938964844;273.6400146484375;270.8299865722656;272.2200012207031;1958300;0.82000732421875
2023-09-25;270.45001220703125;271.760009765625;268.9100036621094;269.7799987792969;1895500;-0.670013427734375
2023-09-26;268.82000732421875;269.29998779296875;266.5799865722656;267.7200012207031;2251600;-1.100006103515625
2023-09-27;267.7200012207031;267.94000244140625;262.2900085449219;263.6400146484375;2735000;-4.079986572265625
2023-09-28;264.2300109863281;266.3099975585937;263.1300048828125;265.5899963378906;2182400;1.3599853515625
2023-09-29;267.1499938964844;267.3699951171875;261.75;263.44000244140625;3366600;-3.709991455078125
2023-10-02;262.0;262.07000732421875;257.4599914550781;257.75;4425000;-4.25
2023-10-03;257.2099914550781;258.29998779296875;253.8699951171875;254.4900054931641;3408100;-2.719985961914034
2023-10-04;255.3300018310547;256.25;254.00999450683597;255.80999755859372;2820000;0.4799957275390341
2023-10-05;256.0;257.8500061035156;251.5800018310547;252.22999572753903;3799600;-3.770004272460966
2023-10-06;250.0;250.82000732421875;245.72999572753903;248.22000122070312;5129500;-1.779998779296875
2023-10-09;247.72000122070312;249.9900054931641;247.25999450683597;249.9199981689453;2782300;2.1999969482421875
2023-10-10;251.72000122070312;253.42999267578125;250.5;251.5200042724609;3129600;-0.19999694824221592
2023-10-11;252.58999633789065;252.69000244140625;249.38999938964844;250.9199981689453;2919400;-1.669998168945341
2023-10-12;251.69000244140625;252.1499938964844;245.8800048828125;246.19000244140625;3528300;-5.5
2023-10-13;246.82000732421875;248.80999755859372;246.0;248.30999755859372;2646500;1.4899902343749716
2023-10-16;249.22000122070312;250.4900054931641;248.07000732421875;249.94000244140625;2774700;0.720001220703125
2023-10-17;250.08999633789065;251.3999938964844;249.3800048828125;251.13999938964844;2627500;1.050003051757784
2023-10-18;252.8500061035156;257.0899963378906;252.33999633789065;256.0299987792969;4559200;3.1799926757812784
2023-10-19;256.260009765625;262.5599975585937;256.260009765625;258.3800048828125;5646200;2.1199951171875
2023-10-20;258.9599914550781;260.3399963378906;257.5599975585937;258.1099853515625;3778200;-0.850006103515625
2023-10-23;256.6099853515625;257.239990234375;254.5399932861328;254.75;3409800;-1.8599853515625
2023-10-24;254.67999267578125;257.760009765625;254.67999267578125;257.2699890136719;2468000;2.589996337890625
2023-10-25;258.1199951171875;259.42999267578125;256.94000244140625;258.0299987792969;2759100;-0.089996337890625
2023-10-26;258.3599853515625;259.5400085449219;255.67999267578125;255.8300018310547;2702600;-2.5299835205078125
2023-10-27;256.54998779296875;259.3800048828125;254.8699951171875;255.75999450683597;3209000;-0.7899932861327841
2023-10-30;260.1000061035156;262.0599975585937;254.6000061035156;260.1499938964844;6305100;0.04998779296875
2023-10-31;263.4599914550781;263.69000244140625;259.75;262.1700134277344;3990600;-1.28997802734375
2023-11-01;263.0;263.3900146484375;259.8299865722656;261.9700012207031;3543000;-1.029998779296875
2023-11-02;263.5899963378906;267.4200134277344;263.510009765625;266.8500061035156;4109700;3.260009765625
2023-11-03;267.5599975585937;268.6099853515625;265.489990234375;267.8699951171875;3126200;0.30999755859380684
2023-11-06;268.010009765625;269.1099853515625;267.29998779296875;268.9100036621094;3090600;0.899993896484375
2023-11-07;268.79998779296875;269.7900085449219;268.1099853515625;268.6700134277344;2360800;-0.129974365234375
2023-11-08;268.8299865722656;270.0599975585937;267.2799987792969;267.489990234375;2223300;-1.339996337890625
2023-11-09;268.239990234375;268.3399963378906;265.94000244140625;266.9100036621094;2501700;-1.329986572265625
2023-11-10;267.3299865722656;268.1300048828125;265.2099914550781;267.7900085449219;2664900;0.46002197265625
2023-11-13;267.3999938964844;269.7200012207031;267.260009765625;269.20001220703125;2591900;1.800018310546875
2023-11-14;270.0;271.6600036621094;269.3500061035156;271.489990234375;2647800;1.489990234375
2023-11-15;272.42999267578125;273.1000061035156;269.0199890136719;270.3900146484375;2575900;-2.03997802734375
2023-11-16;271.07000732421875;276.1600036621094;271.0299987792969;276.1199951171875;3593700;5.04998779296875
2023-11-17;276.54998779296875;277.1199951171875;275.1499938964844;275.75;2604800;-0.79998779296875
2023-11-20;275.3500061035156;279.79998779296875;275.0199890136719;279.0299987792969;3499400;3.67999267578125
2023-11-21;279.8699951171875;280.6700134277344;278.42999267578125;280.4700012207031;2940800;0.600006103515625
2023-11-22;281.25;282.4100036621094;281.2200012207031;282.0199890136719;339254;0.769989013671875
