Date;Open;High;Low;Close;Volume
2023-01-03 00:00:00-05:00;98.49353217711604;99.09099753314605;97.42593480255948;98.75798797607422;6607700
2023-01-04 00:00:00-05:00;100.57976863859315;102.5778484441062;100.44264617403368;102.31339263916016;8166600
2023-01-05 00:00:00-05:00;102.3427612096306;102.94022649893351;101.36331089570618;102.28399658203125;5575100
2023-01-06 00:00:00-05:00;103.21448864542985;104.80120110937644;102.85209675116953;104.49757385253906;9644100
2023-01-09 00:00:00-05:00;104.33105171514913;104.48776736359291;102.2840039974929;102.58763122558594;10124800
2023-01-10 00:00:00-05:00;102.21544869950058;104.24291081503165;102.02935072433046;103.82174682617188;4183600
2023-01-11 00:00:00-05:00;103.63564922865694;104.2527077916849;102.70517429464324;104.11558532714844;5634400
2023-01-12 00:00:00-05:00;104.10578049939548;104.25269954910115;103.00879339722155;103.67481994628906;4882000
2023-01-13 00:00:00-05:00;102.91086493687772;105.09504286531337;102.91086493687772;105.02648162841797;5529700
2023-01-17 00:00:00-05:00;104.75222255000779;105.38886683649304;104.12537486034618;104.55633544921875;7477200
2023-01-18 00:00:00-05:00;104.93831605984764;105.26153648774407;102.75414583582565;102.84229278564453;5725800
2023-01-19 00:00:00-05:00;102.84229150535795;103.52790379301494;102.09790711260645;102.11750030517578;5115800
2023-01-20 00:00:00-05:00;102.25462965850801;103.0381855440123;101.75510783089224;102.88147735595703;6543500
2023-01-23 00:00:00-05:00;102.88147248129529;104.69345425439896;102.25462481354714;104.02742767333984;6320500
2023-01-24 00:00:00-05:00;104.21352712904527;104.67387002624454;103.24387329677019;104.44859313964844;5517200
2023-01-25 00:00:00-05:00;103.88050852144329;104.93831676202967;103.72380034095659;104.78160858154297;5416900
2023-01-26 00:00:00-05:00;105.09503529647225;106.56421095780627;104.85996181037684;106.52503204345703;6324100
2023-01-27 00:00:00-05:00;106.50544104064944;107.5044846955693;106.11365936171251;106.7796859741211;6851100
2023-01-30 00:00:00-05:00;106.03530947845142;106.63277486016534;105.21256720174128;106.17243194580078;6880700
2023-01-31 00:00:00-05:00;106.03530312905984;106.90701339327448;105.29091872758418;106.897216796875;5816300
2023-02-01 00:00:00-05:00;106.73071542807052;108.50351832967377;105.76106158674975;107.72975158691406;5841200
2023-02-02 00:00:00-05:00;107.77872319996735;108.55248991474322;105.7806434819284;106.90701293945312;9852900
2023-02-03 00:00:00-05:00;102.43092980573971;104.25270823968289;100.92257521674298;102.15668487548828;15200500
2023-02-06 00:00:00-05:00;101.86284887935727;103.98825460581648;101.17723653940722;102.86188507080078;6392200
2023-02-07 00:00:00-05:00;102.67578102004951;105.17337490553524;102.41132524336875;104.63468170166016;6207500
2023-02-08 00:00:00-05:00;104.13517104810484;104.35065134169467;103.47894104316407;104.11558532714844;5557500
2023-02-09 00:00:00-05:00;104.07621046597004;104.94244310049494;103.94823907548856;104.39120483398438;5608400
2023-02-10 00:00:00-05:00;103.86948242207339;105.58227123685954;103.82026901409809;105.41492462158203;6298600
2023-02-13 00:00:00-05:00;105.76930005371754;107.22615369341958;105.60196093924162;106.82256317138672;5192400
2023-02-14 00:00:00-05:00;106.24179470454754;106.77334910319024;105.03103065596285;106.291015625;5109400
2023-02-15 00:00:00-05:00;105.81852169211851;107.29505920410156;105.58227779301751;107.29505920410156;4059100
2023-02-16 00:00:00-05:00;106.07445493000918;107.3934914772641;105.72993101916335;105.85789489746094;4596800
2023-02-17 00:00:00-05:00;105.070404575262;105.77914376458175;104.56838724120881;105.42477416992188;6876400
2023-02-21 00:00:00-05:00;103.84979904212433;104.29275726624302;103.07215509595743;103.14105987548828;5438000
2023-02-22 00:00:00-05:00;103.76121419105183;104.28292289941977;102.75716449829339;103.13121795654297;7523700
2023-02-23 00:00:00-05:00;103.85964678428216;103.85964678428216;101.0246900616038;101.89093017578125;6857900
2023-02-24 00:00:00-05:00;101.04438245660955;101.11328723820257;99.24300493917457;100.01080322265625;6019700
2023-02-27 00:00:00-05:00;100.72938935583606;101.68421813417574;100.55220455665904;100.8376693725586;5235100
2023-02-28 00:00:00-05:00;100.39470684051736;101.3396899630931;100.30611819311571;100.4931411743164;5186500
2023-03-01 00:00:00-05:00;100.59157447444449;100.72938403206996;99.33159708469282;99.84346008300781;5382200
2023-03-02 00:00:00-05:00;99.69580714646357;101.55624372750982;99.3611289302176;101.39875030517578;4777600
2023-03-03 00:00:00-05:00;101.78265919914745;103.05248242558953;101.39876002720665;102.9146728515625;4882100
2023-03-06 00:00:00-05:00;102.81622392421565;104.28292323402397;102.80638574821872;103.3477783203125;5237100
2023-03-07 00:00:00-05:00;103.34777204450637;104.02698164995026;101.50702689708575;101.72357940673828;3976300
2023-03-08 00:00:00-05:00;101.29047334842929;101.40859154122995;100.13877590827462;100.896728515625;4225500
2023-03-09 00:00:00-05:00;101.13297708818185;101.14282277472323;98.39646201423177;98.73114776611328;5732300
2023-03-10 00:00:00-05:00;99.04614077816227;99.65643815425544;97.481007082249;97.82553100585938;6641900
2023-03-13 00:00:00-04:00;97.36288854311904;98.63270421280781;96.83133412996506;97.53022766113281;6408200
2023-03-14 00:00:00-04:00;98.54411605243054;98.80988950529127;96.92976894231056;97.90428161621094;6248800
2023-03-15 00:00:00-04:00;96.86086395079703;97.81569275987913;95.75837988597036;97.7861557006836;6603300
2023-03-16 00:00:00-04:00;97.5892848167203;99.13472710362394;97.48100479897064;98.8591079711914;8188600
2023-03-17 00:00:00-04:00;97.52038136954;97.73694140800596;96.3096172954159;97.15616607666016;10189700
2023-03-20 00:00:00-04:00;97.54990117258608;98.65238511733239;97.38256207232901;98.28816986083984;4864000
2023-03-21 00:00:00-04:00;98.93786241811964;99.60722641382002;98.57364711558644;98.96739196777344;4743700
2023-03-22 00:00:00-04:00;99.11504528507918;99.89268928765343;97.5105363580993;97.5696029663086;5917700
2023-03-23 00:00:00-04:00;97.78615444534624;98.56379843956347;95.99462255678826;96.88054656982422;6879200
2023-03-24 00:00:00-04:00;96.68367776461116;96.89039211567695;95.6697898717398;96.80179595947266;4685400
2023-03-27 00:00:00-04:00;97.3727261645976;98.16021584849966;97.03804793047705;97.1167984008789;6022200
2023-03-28 00:00:00-04:00;96.60492789835311;97.36288803372233;96.54586880055331;97.17585754394531;4709800
2023-03-29 00:00:00-04:00;97.7763193708346;99.11504736409928;97.19554402328703;99.046142578125;4946600
2023-03-30 00:00:00-04:00;99.85330941669685;100.10923717017582;99.07566545022327;99.73518371582031;4082600
2023-03-31 00:00:00-04:00;100.24704689666588;102.64888358134203;100.24704689666588;102.50122833251953;6900100
2023-04-03 00:00:00-04:00;102.43232459125328;103.29856472111088;102.0484254464511;103.20996856689453;3855400
2023-04-04 00:00:00-04:00;103.20997122070213;103.36747216111074;101.73343369963327;102.3732681274414;3854400
2023-04-05 00:00:00-04:00;102.35358553202408;104.0466756020274;102.3043646100225;103.25919342041016;5170900
2023-04-06 00:00:00-04:00;103.25918545124647;103.51512070779762;102.39294535524493;103.0426254272461;3155700
2023-04-10 00:00:00-04:00;101.93030331911257;103.18043503545167;101.45780803833524;103.1016845703125;3761600
2023-04-11 00:00:00-04:00;103.41668036858518;104.7357243929302;103.27887080769122;104.08604431152344;4010600
2023-04-12 00:00:00-04:00;104.5782232667561;104.91290899263426;103.7021449840995;103.94823455810547;4606000
2023-04-13 00:00:00-04:00;104.71603860820707;105.55274921406388;104.58807472628058;105.31649780273438;4367600
2023-04-14 00:00:00-04:00;105.23775555871113;106.47804168137183;105.17868895044757;105.78899383544922;3963300
2023-04-17 00:00:00-04:00;106.27132082468316;106.95053045271514;105.87757600393914;106.6158447265625;4780700
2023-04-18 00:00:00-04:00;107.16709769032205;107.5214673018295;106.04492975723456;106.22211456298828;5300500
2023-04-19 00:00:00-04:00;106.00554964921795;106.17288876083339;105.40509047454333;105.48384094238281;4617800
2023-04-20 00:00:00-04:00;104.52901579175443;105.89727330009437;104.52901579175443;105.37556457519531;4297200
2023-04-21 00:00:00-04:00;105.62164815785214;107.07849423020362;104.99165944925834;106.49772644042969;4522800
2023-04-24 00:00:00-04:00;106.49772043799972;107.58051300048828;106.35006519992005;107.58051300048828;5940700
2023-04-25 00:00:00-04:00;107.20646337585372;109.37204857765434;107.12771291140993;107.62973022460938;8747100
2023-04-26 00:00:00-04:00;107.30490455990974;110.57297394263328;107.30490455990974;109.72642517089844;8081600
2023-04-27 00:00:00-04:00;109.64767645663497;111.11436830135062;109.44096210349181;110.98640441894531;7618500
2023-04-28 00:00:00-04:00;110.66155897049603;112.5219955682397;110.53359509432254;112.50231170654297;5973400
2023-05-01 00:00:00-04:00;112.46294061152902;113.67370467702402;112.46294061152902;112.7680892944336;6495900
2023-05-02 00:00:00-04:00;112.69917676342756;112.76808154225172;111.08482979378375;112.66964721679688;9626400
2023-05-03 00:00:00-04:00;107.3738102610172;108.00379900210388;102.17639939202306;102.33389282226562;24388600
2023-05-04 00:00:00-04:00;102.63904259506627;104.0171457970807;102.17640047565715;103.0820083618164;8858100
2023-05-05 00:00:00-04:00;103.89902720509488;105.79883912755376;103.73168057737311;105.5330581665039;7812000
2023-05-08 00:00:00-04:00;105.78899337117508;106.42882780247135;105.2574389594855;105.49368286132812;6090700
2023-05-09 00:00:00-04:00;105.31649743141958;105.50352792054814;104.73572961157979;105.04087829589844;3682400
2023-05-10 00:00:00-04:00;105.48384445467559;106.41898188371833;104.02699079136816;105.29681396484375;4565000
2023-05-11 00:00:00-04:00;105.29681182874432;105.61337465172724;103.99098924050811;104.4955062866211;4791700
2023-05-12 00:00:00-04:00;104.62411338338758;105.0791719631721;103.70410151302129;104.9802474975586;5167600
2023-05-15 00:00:00-04:00;104.97034537101452;105.6133656732549;104.47571553043767;105.4946517944336;4217000
2023-05-16 00:00:00-04:00;105.26713749299957;105.41552042299615;104.07012650970358;104.1492691040039;3676600
2023-05-17 00:00:00-04:00;104.82195978152143;105.39573223464835;103.82280534382839;104.55486297607422;4757300
2023-05-18 00:00:00-04:00;104.2877574220385;105.98928534070562;104.07011907698303;105.9398193359375;5377500
2023-05-19 00:00:00-04:00;105.85079548240932;105.99918595752949;104.18883876546029;104.37680053710938;4984700
2023-05-22 00:00:00-04:00;104.38667822693748;104.56474527143041;101.66621410396084;101.7948226928711;7504300
2023-05-23 00:00:00-04:00;101.02320243386613;101.04298430682111;99.00511175709626;99.26231384277344;6766300
2023-05-24 00:00:00-04:00;99.71738261264477;99.72726977566076;98.04553127371695;98.5401611328125;6134800
2023-05-25 00:00:00-04:00;97.63993066791058;97.83778713901012;96.68035508602526;97.38272857666016;8177000
2023-05-26 00:00:00-04:00;97.5706880780248;98.54016597032467;97.27391467646994;97.47176361083984;7276500
2023-05-30 00:00:00-04:00;97.82788971524752;97.89713759134854;96.2648576004502;96.70013427734375;6505400
2023-05-31 00:00:00-04:00;96.9771269012257;97.02659290506278;95.93840874771966;96.59131622314453;10377100
2023-06-01 00:00:00-04:00;96.5418507214989;97.1749838746064;95.48334314197088;96.47260284423828;6752200
2023-06-02 00:00:00-04:00;97.25412158540277;98.58962825809994;97.13541524824055;98.43134307861328;6220300
2023-06-05 00:00:00-04:00;98.96554677692303;99.78663418480434;98.43134560363109;98.85672760009766;6536500
2023-06-06 00:00:00-04:00;98.66876394595931;99.25243111481922;96.4825008353018;97.16509246826172;8657100
2023-06-07 00:00:00-04:00;97.49155514733464;97.79822326649551;96.54185910889169;96.86831665039062;6285600
2023-06-08 00:00:00-04:00;96.60121626836363;98.11478248095626;95.87905332870321;98.0851058959961;6877800
2023-06-09 00:00:00-04:00;97.73886479212376;97.89714242497566;96.59131987727308;96.90788269042969;5550800
2023-06-12 00:00:00-04:00;96.90788173428697;97.45197760190005;96.4726050401965;97.40251159667969;6705800
2023-06-13 00:00:00-04:00;97.45197914485901;98.40166758999514;97.45197914485901;98.19392395019531;5137900
2023-06-14 00:00:00-04:00;98.4906961996397;100.27136673074098;98.12467493029588;99.57888793945312;9279500
2023-06-15 00:00:00-04:00;100.25157403114854;100.89459434343213;99.57888468301172;100.29114532470703;6448200
2023-06-16 00:00:00-04:00;100.91438992722607;101.40901980573769;100.39008346359624;100.77589416503906;11708300
2023-06-20 00:00:00-04:00;100.7659944226831;101.38922532140518;99.81630600905548;100.18232727050781;5506400
2023-06-21 00:00:00-04:00;99.51953004704589;101.35955379890534;99.28210981864716;100.77589416503906;5508800
2023-06-22 00:00:00-04:00;100.33072346678158;100.54836182248289;98.5698422942208;99.766845703125;6125500
2023-06-23 00:00:00-04:00;98.57973359623942;98.65887618602187;96.47260554113532;97.28379821777344;18770100
2023-06-26 00:00:00-04:00;97.28379942094939;97.70918141197505;96.43304298635094;97.17498779296875;6069000
2023-06-27 00:00:00-04:00;97.33327145737985;97.99607371430072;96.6803639117804;97.65972900390625;5034100
2023-06-28 00:00:00-04:00;97.58057990484555;97.58057990484555;96.2549754793506;97.5509033203125;6581900
2023-06-29 00:00:00-04:00;97.55089982782927;97.76853816988357;96.9276689325895;97.62014770507812;5113500
2023-06-30 00:00:00-04:00;98.33241545429269;98.39176862096592;97.4816515105314;97.99606323242188;6228900
2023-07-03 00:00:00-04:00;97.6696186116477;98.50059318034447;97.19477060992602;98.0851058959961;3287000
2023-07-05 00:00:00-04:00;98.08510322196652;98.263170274326;97.23433925485482;97.40251159667969;6365400
2023-07-06 00:00:00-04:00;96.80896102341612;97.01670466797846;94.87990750429945;95.16678619384766;7153300
2023-07-07 00:00:00-04:00;94.9590413822832;95.62185115149705;94.52377222412458;95.01840209960938;7887400
2023-07-10 00:00:00-04:00;95.26571592023146;98.46102065182026;95.19646804037373;98.06531524658203;9294600
2023-07-11 00:00:00-04:00;98.37198662495207;99.1535026908004;98.07520569705181;99.01499938964844;5271700
2023-07-12 00:00:00-04:00;100.33071770675107;100.73631780953657;99.67781022458387;100.05372619628906;6971900
2023-07-13 00:00:00-04:00;100.41975930780221;101.102343402844;100.21201566605446;100.5087890625;4511700
2023-07-14 00:00:00-04:00;100.67695438204625;100.98363001532505;99.9053330387073;100.5186767578125;3934400
2023-07-17 00:00:00-04:00;99.7470609485316;100.71653126281292;98.96554485173993;99.84598541259766;5244500
2023-07-18 00:00:00-04:00;99.65802124813689;100.33071815402316;98.78747541888221;99.67781066894531;5991000
2023-07-19 00:00:00-04:00;99.53931712350443;100.8847109651533;99.53931712350443;100.73632049560547;5556200
2023-07-20 00:00:00-04:00;100.68685166329634;101.37933798592806;99.61844936948917;99.79651641845703;5466100
2023-07-21 00:00:00-04:00;100.70664895474819;102.43785357545144;100.51868718074395;101.71569061279297;20369100
2023-07-24 00:00:00-04:00;101.77503377306898;102.29934774648055;101.22105076412385;101.67610931396484;4746600
2023-07-25 00:00:00-04:00;101.32987817005608;102.65548263419974;101.23095370291078;101.81461334228516;5627500
2023-07-26 00:00:00-04:00;101.11223821990642;101.56729679956356;100.21201577138659;100.63739776611328;6568300
2023-07-27 00:00:00-04:00;100.93416834287135;101.32987374161196;99.46017346870156;99.69759368896484;5373400
2023-07-28 00:00:00-04:00;100.40985917456356;100.73631668573154;99.72726756893098;100.16254425048828;5320700
2023-07-31 00:00:00-04:00;100.22190107406315;100.73632036148372;99.77673721346514;100.47911071777344;6377400
2023-08-01 00:00:00-04:00;100.38018320699854;100.61760342228044;99.32167562736156;100.17243957519531;7784300
2023-08-02 00:00:00-04:00;99.42060562588117;103.33807335977376;98.22360222503507;101.03309631347656;14463100
2023-08-03 00:00:00-04:00;100.87481529730124;101.79482714282422;100.36039601407724;101.23094940185547;5547500
2023-08-04 00:00:00-04:00;101.85418195985865;102.04214372570843;99.44038577824065;99.59867095947266;5196700
2023-08-07 00:00:00-04:00;100.33071503600816;100.76599171083457;99.85587461569972;100.64727783203125;5222700
2023-08-08 00:00:00-04:00;100.13287327696162;100.33072220832499;98.81715599578176;99.61845397949219;4058400
2023-08-09 00:00:00-04:00;99.91523461533939;100.48900708095479;98.40166840747176;98.84683227539062;4494300
2023-08-10 00:00:00-04:00;99.99054922726918;101.8105500877009;99.85131493509734;101.10443115234375;6844200
2023-08-11 00:00:00-04:00;100.84585045522289;100.84585045522289;99.59273423144127;100.4380874633789;3179700
2023-08-14 00:00:00-04:00;99.93087498613136;100.66682872362946;99.65239882682174;100.45797729492188;3239300
2023-08-15 00:00:00-04:00;99.58278300789713;100.09994543721987;99.23469728875659;99.49327850341797;3203700
2023-08-16 00:00:00-04:00;99.06562593561831;99.54299845749075;98.34955956511021;98.43907165527344;3679500
2023-08-17 00:00:00-04:00;98.45896429369085;98.55841627543744;95.90300966553434;96.04224395751953;5291100
2023-08-18 00:00:00-04:00;95.48530503300844;96.95721254626001;95.26650612457112;96.69863891601562;4125500
2023-08-21 00:00:00-04:00;96.78813908678113;97.03677281928803;95.63448251355274;95.9328384399414;3753200
2023-08-22 00:00:00-04:00;95.96267815155716;96.21131189670203;95.07754262585742;95.54497528076172;3640500
2023-08-23 00:00:00-04:00;95.89305701546706;96.03229129993744;93.49623175762748;94.65983581542969;9704500
2023-08-24 00:00:00-04:00;94.23218770128432;95.10737573675341;93.19787042971197;94.31175231933594;7824500
2023-08-25 00:00:00-04:00;95.01786821515753;95.43557106511604;93.99349845029293;94.95819854736328;5360400
2023-08-28 00:00:00-04:00;95.41568712651294;96.66879572132255;95.3062876731677;96.50967407226562;5098900
2023-08-29 00:00:00-04:00;96.8279281087629;98.68771128844772;96.80803315967115;98.60814666748047;5512300
2023-08-30 00:00:00-04:00;98.47884818996265;99.17502721309324;98.45896082939299;98.69764709472656;4212200
2023-08-31 00:00:00-04:00;98.45896577546404;98.78716414909691;96.74836434795934;96.9074935913086;5624500
2023-09-01 00:00:00-04:00;97.86223962689496;98.21032533840258;96.50967150129442;97.46442413330078;4747100
2023-09-05 00:00:00-04:00;96.9870445646207;97.27546060939332;96.0621267616256;96.31076049804688;5414300
2023-09-06 00:00:00-04:00;95.89306131853508;96.02235572255907;94.84880413814766;95.42562866210938;5428400
2023-09-07 00:00:00-04:00;94.96814453021922;95.29634289955577;94.50071186862473;94.58027648925781;6404100
2023-09-08 00:00:00-04:00;94.72945776688067;95.32617724314784;94.23219027204141;94.75929260253906;4754700
2023-09-11 00:00:00-04:00;95.12726840153306;95.70410048701078;94.69961807439604;95.14715576171875;5577500
2023-09-12 00:00:00-04:00;94.97808891590218;95.98257135255294;94.67972539208128;95.71404266357422;5007600
2023-09-13 00:00:00-04:00;95.67426230806693;96.76825685928144;95.5151406564265;96.40027618408203;5830200
2023-09-14 00:00:00-04:00;96.24114507448874;97.24562751212935;95.72399023208247;96.62902069091797;6039700
2023-09-15 00:00:00-04:00;96.71852387275759;96.93732277575616;95.5250849680193;95.7041015625;8766700
2023-09-18 00:00:00-04:00;95.77372361142882;96.44006024091203;95.56486458408642;96.23120880126953;4477500
2023-09-19 00:00:00-04:00;94.68967671173107;94.94825793703052;93.75481138097915;94.76924133300781;6803000
2023-09-20 00:00:00-04:00;94.92836208418909;96.09197379310963;94.53055415699214;94.63995361328125;4572100
2023-09-21 00:00:00-04:00;94.63994892679796;94.79907057225721;92.52158463964449;92.59120178222656;6108800
2023-09-22 00:00:00-04:00;92.91940366905803;93.82442655704777;92.8597339982037;93.16803741455078;5118900
2023-09-25 00:00:00-04:00;92.38235131637879;92.959183411036;91.74584955251551;92.23316955566406;4818800
2023-09-26 00:00:00-04:00;91.4972152709961;91.98453527125314;90.68169691665389;91.4972152709961;6086600
2023-09-27 00:00:00-04:00;91.95470397324262;92.22323266880288;89.88606937955531;90.6717529296875;4731500
2023-09-28 00:00:00-04:00;90.67174937625943;90.89054827882273;89.71699673682816;90.58224487304688;4736300
2023-09-29 00:00:00-04:00;92.10388287392675;92.55142056900685;90.34355175285266;90.77120208740234;7698600
2023-10-02 00:00:00-04:00;90.55240860928484;91.23863255284752;90.29382740236446;90.63196563720703;6430500
2023-10-03 00:00:00-04:00;90.005411984305;90.57229659605729;88.72246100240258;88.9909896850586;6666600
2023-10-04 00:00:00-04:00;89.39874692431205;90.93033167284074;89.31918230648469;90.65186309814453;6166100
2023-10-05 00:00:00-04:00;90.641914898743;92.54148029874968;90.641914898743;91.86519622802734;7548600
2023-10-06 00:00:00-04:00;91.49721426437968;92.8298874387434;91.17896338783764;92.34256744384766;6978900
2023-10-09 00:00:00-04:00;91.94475368247939;92.2828995132532;90.93033136555708;92.17350006103516;4120700
2023-10-10 00:00:00-04:00;92.45196983052703;93.45645227402078;92.36246532539079;92.67076873779297;4974800
2023-10-11 00:00:00-04:00;92.78016767440766;93.11830591997098;91.34803489861099;91.4474868774414;4499200
2023-10-12 00:00:00-04:00;91.33809014421192;91.74585313356815;90.27393800486986;90.9203872680664;5485200
2023-10-13 00:00:00-04:00;90.78115284110199;91.55688892070503;90.55241404209075;90.98006439208984;4780100
2023-10-16 00:00:00-04:00;91.6662837995274;93.34705027987258;91.34803292153832;93.13819885253906;4595900
2023-10-17 00:00:00-04:00;92.24312074557768;93.67525356581017;92.12377381465835;93.6653060913086;6086700
2023-10-18 00:00:00-04:00;93.4266197164754;94.01339172053834;92.98902189127604;93.23765563964844;4110700
2023-10-19 00:00:00-04:00;93.85426950246335;95.13722054686939;93.65535795234237;93.90399169921875;5610800
2023-10-20 00:00:00-04:00;94.10290517868057;94.57033025872367;93.62552503630256;93.67525482177734;4698000
2023-10-23 00:00:00-04:00;93.41666719830057;94.51065411453341;92.78016544384876;93.68518829345703;4481000
2023-10-24 00:00:00-04:00;93.76475942480843;94.46093848365653;93.54596050881902;94.1029052734375;3600200
2023-10-25 00:00:00-04:00;93.80454087444456;94.83885818472544;93.45645514206635;93.48628997802734;5497300
2023-10-26 00:00:00-04:00;93.29732055837121;93.9636647367157;92.09393418807662;92.1635513305664;6201700
2023-10-27 00:00:00-04:00;92.13371951889143;93.21776658773835;91.26847135867598;91.51710510253906;8293600
2023-10-30 00:00:00-04:00;92.61109534193609;93.19786730808906;92.21327985270221;92.64093017578125;7852700
2023-10-31 00:00:00-04:00;92.6608186780042;92.81000043676829;91.49721461750339;91.73590087890625;9308300
2023-11-01 00:00:00-04:00;91.32814917267919;91.35798400809239;90.05514561038437;90.85076904296875;14292500
2023-11-02 00:00:00-04:00;100.43808762263194;101.36300547703492;99.194918871429;99.46344757080078;23396300
2023-11-03 00:00:00-04:00;100.0701149293794;103.20289412480376;99.95076799721373;102.08901977539062;15994400
2023-11-06 00:00:00-05:00;102.30781493977668;103.52114122766248;101.41273195059891;103.46147155761719;7532000
2023-11-07 00:00:00-05:00;103.66038534107587;103.81950699386395;102.7653023325809;103.11338806152344;6239500
2023-11-08 00:00:00-05:00;103.17305859825417;104.24715821745748;103.08355409050382;103.7300033569336;7453000
2023-11-09 00:00:00-05:00;104.30000305175781;104.45999908447266;102.02999877929688;102.2300033569336;7607000
2023-11-10 00:00:00-05:00;102.5999984741211;104.3499984741211;101.9800033569336;104.33000183105469;7338500
2023-11-13 00:00:00-05:00;103.91999816894531;104.2300033569336;102.95999908447266;103.51000213623047;7120800
2023-11-14 00:00:00-05:00;104.4800033569336;105.81999969482422;104.23999786376953;105.5999984741211;8323000
2023-11-15 00:00:00-05:00;105.66000366210938;106.54000091552734;105.66000366210938;106.02999877929688;7980200
2023-11-16 00:00:00-05:00;106.27999877929688;107.66000366210938;106.19999694824219;107.20999908447266;8036300
2023-11-17 00:00:00-05:00;107.18000030517578;107.5;106.26899719238281;106.4000015258789;1595892
